2348,3775
2595,6191
4307,4800
148,4554
912,4383
5466,6035
4971,5824
2958,6844
4681,5370
4955,4981
2062,5765
1970,2622
2183,4820
480,560
3432,6326
447,2483
5788,6848
2407,2931
1258,6954
607,4825
3585,3727
1850,3428
2202,5416
65,3612
2413,5828
4632,4679
3504,6820
1200,5297
5352,7096
456,1639
1237,1327
5162,5184
2208,6556
1226,2028
1710,1819
1306,6933
2015,4508
3601,3656
3598,5109
5006,6246
997,4023
2949,5686
1550,2799
6088,6858
2082,3915
920,5866
258,5387
1183,1584
4028,5364
390,4643
1768,2825
5778,6501
1036,1497
2545,6399
2995,6334
2607,5091
667,4100
5181,6911
2249,3192
1485,4867
1062,6922
2415,5163
265,5909
3186,6296
1486,5341
5265,6717
4113,5946
3363,6284
4998,6416
3608,4671
498,5396
2573,5059
817,5748
608,827
1611,1840
189,5027
2851,6546
3043,4091
637,669
4654,5849
2959,6209
5877,6344
5460,6482
1664,6386
1271,1852
704,1329
2192,7003
919,4905
1185,5101
3069,4980
2879,4116
1686,4593
2885,5070
917,4589
731,1797
266,3630
3020,6785
414,1941
1032,1517
474,784
3468,4467
2930,5863
520,1532
858,4661
3019,6748
489,6782
2276,4005
1049,3017
2244,5709
572,2632
3417,6678
3379,4040
1987,3033
1538,5226
4071,5200
3454,6199
3699,5533
1811,4880
3177,5041
1201,5868
1223,7043
1966,6169
156,6346
2013,6488
2421,2950
5104,6104
240,4039
4033,4854
2577,6099
6270,6459
4892,6573
1222,1684
1535,1689
4624,6335
5261,6535
4213,5133
2090,2158
4012,6215
735,823
2788,6121
926,4957
3625,4557
2673,6497
144,3063
2552,4001
4563,4899
1126,3672
5090,6650
4083,6715
4387,5325
3369,4958
3119,3166
2668,4296
178,5293
3928,5615
141,2007
1037,6689
3580,4620
2773,3317
466,6292
