867,2436
1509,3370
3479,5777
0,82
1463,3983
4895,6695
2382,4543
2081,4312
859,3302
1396,3058
223,549
897,2809
74,4916
5441,6193
616,2162
3016,5208
132,1124
4630,5512
187,1626
5982,5986
1540,2933
5610,5818
5801,7078
406,1651
136,4104
1567,6058
5927,7000
2703,7094
3829,6387
1165,4440
4146,5552
3136,4058
3347,6977
4666,5887
418,539
2014,2450
3034,3300
3987,6775
3841,4618
3859,6060
193,1880
2079,6383
3316,6577
3967,6762
1224,4482
1195,7099
724,6841
3289,4450
5470,6914
2811,5453
1089,4617
5149,5448
881,2186
181,5050
3537,3968
2909,4875
2986,7022
852,1316
2635,6787
1348,6255
1012,4382
1778,6109
3310,6218
2298,2720
946,2500
6533,6952
1932,2314
1123,6555
5440,5741
3975,4518
986,3398
1569,3086
370,2606
2862,6189
3258,6421
3507,3836
3961,4197
2159,6765
413,4122
4092,4209
432,3808
7,1339
4940,5351
62,425
5950,6467
2947,6029
2403,4204
3708,6789
569,582
1179,3342
5212,5388
2034,6947
1247,1621
4110,6418
5164,6491
1910,2454
1104,2273
2567,3796
238,4844
3307,3857
2870,2943
3452,5872
4877,6919
1717,3678
2091,6067
1453,1920
3759,5508
392,6801
748,2372
1591,3308
86,2345
2051,3966
1588,1906
5215,6595
1969,3716
4003,5492
2095,4404
1951,3203
799,2123
806,1980
2033,2181
2791,3676
449,2731
3940,4338
2713,5452
6072,6732
682,1168
3184,5509
527,2254
3899,5245
1704,3855
1034,4598
99,6419
1741,5223
953,4068
1648,6626
2547,3722
4330,5542
2695,6836
3130,5350
2614,5684
2694,4238
321,4791
487,2664
3686,6356
830,2521
3599,3780
2067,5712
4381,5529
2775,4595
236,5071
286,632
2683,6870
386,4036
777,1954
1376,5558
901,1946
3761,6821
404,563
2592,4761
6070,6943
2756,5241
5474,6722
2329,5848
3269,4581
1134,2675
1436,7110
5152,5836
282,1429
971,6180
1425,5924
855,956
5014,6667
280,5565
1176,3606
6793,7001
1428,2805
1646,2419
2792,5853
3013,4072
5034,5327
2904,4469
