1789,5305
180,5179
2197,4871
3124,5704
1617,4519
2527,4029
3902,6471
5255,6829
4974,6248
4898,7101
6136,6981
636,5796
1402,2106
1352,7040
713,3524
4884,6710
3429,4196
3910,4565
3749,5666
1776,2822
1472,3209
672,2528
2894,3070
5410,6847
5781,7070
766,1174
1207,2495
6196,6796
2288,6160
5043,5495
659,2252
1748,4568
2550,3769
5354,5941
3210,5148
3067,3589
165,6026
204,3795
1774,2872
2652,5662
5024,5424
642,5292
3198,3638
4054,5269
4496,7075
1536,2064
1320,2960
5979,6299
4533,5415
925,1189
3325,4725
2219,2406
2387,3568
6742,7066
1105,6413
218,1955
4457,6790
2003,2290
1978,5017
2623,5675
1635,2239
2887,3794
1640,4736
570,1812
1293,4375
339,4131
2005,2359
138,5248
3278,3725
3926,5486
4987,6133
2096,2215
1334,5407
311,1265
330,3275
1268,4377
377,3047
2216,2864
1896,6663
4256,6702
5333,6190
3837,7116
2339,4278
4755,5803
2184,6107
609,2922
2504,2963
5007,6210
1528,3715
3723,4530
1438,1673
3886,7046
4032,4874
872,2452
1647,4737
3499,4914
160,6750
105,781
994,5266
3360,6343
5513,6129
1082,2175
1312,3818
738,5976
3965,6172
2712,4852
3138,4561
1163,3913
1996,2410
4713,6982
759,4324
2508,4888
3187,3436
1367,1715
3361,5516
3264,4356
1052,3938
397,966
150,2564
4572,6526
385,4634
3739,4098
2536,2604
2812,6213
929,1404
4943,5633
3005,4218
319,502
1659,3403
2524,5972
4105,5497
1482,2871
1775,2009
4743,4833
675,2251
6815,7053
728,3995
1442,5015
1733,4919
1464,1950
4076,4811
1308,5029
1726,5414
573,941
1942,2540
1229,6320
2444,3474
276,5126
1719,4817
2228,4444
2155,6763
281,1609
1063,2920
3087,5825
4887,6352
1917,5808
1116,1169
875,1214
1948,5464
5022,5382
1766,3925
3633,6631
4992,5270
620,3856
1208,6774
2489,3298
6823,6990
2431,6243
4177,5915
4902,5566
1070,6675
201,3595
4245,7107
176,6700
2997,4135
1826,3799
545,972
1503,1904
1576,2641
32,2586
1074,1303
4855,6111
626,4967
2284,5433
4351,6835
1108,1144
6150,6568
3636,6020
2556,2952
4872,4977
1470,5960
440,1564
41,5589
933,1971
2177,3401
1252,2327
422,3338
1839,6744
988,6145
401,663
1890,2523
73,6305
6635,6646
1663,4189
1356,4445
2529,2832
733,3988
5326,5791
1290,1995
3581,5588
3748,6102
4388,6424
1198,6509
2733,3435
4726,4947
4843,5855
2076,3128
3259,3747
3921,5894
1011,6935
1462,1882
1977,5817
2042,5421
5523,6314
2957,3032
3520,4628
793,6770
2093,2506
639,1084
1336,2080
109,1492
5304,6897
961,2671
129,1473
4699,5313
4242,5833
4292,4938
434,4748
2974,6634
910,2101
343,6592
596,2793
3509,4434
3760,6964
4913,5766
2575,5782
485,1781
4932,6543
689,3741
594,2588
5032,6643
2021,4621
6225,6268
3368,3687
666,1233
6041,6101
192,3888
4569,6549
5676,6880
222,1044
798,825
1914,6975
4341,6475
3472,6184
3399,3871
1706,5995
2662,3521
2654,3839
5723,5956
437,4983
512,1227
6861,7060
1187,6544
3533,5276
1081,1395
6061,6170
2580,2990
1671,3485
2758,5841
1045,3820
4614,6273
4126,4374
2036,6737
4025,5862
6077,6481
26,5033
1262,5345
157,1414
1940,4839
367,5973
3681,3978
3290,3763
815,2643
991,1924
1467,3618
2402,3462
1523,5172
1600,6168
6152,6778
237,1938
197,6582
4368,5594
465,654
54,409
3577,6465
3982,4124
200,359
3373,4042
4347,5128
4669,6642
299,6693
671,1295
656,5600
3555,3786
1968,6799
5301,5402
831,1422
3026,4409
1961,5987
93,2074
6078,6666
14,4486
3489,6354
824,4216
1982,3129
1825,3843
1674,6367
3830,5823
3906,6863
877,3730
3181,7093
4280,5798
228,4918
4320,5656
5649,6810
6357,6930
2295,5691
2831,6392
5146,5971
1345,3008
5569,6731
120,6258
6081,6776
2951,4642
2424,2474
4644,5839
3315,6455
3160,4529
410,2503
2143,4700
182,4920
1974,3550
542,5837
5631,5763
1358,1842
864,1149
4479,5567
4056,5792
984,1870
5789,6086
963,1688
1157,3544
974,2852
1769,3169
1,4319
11,2054
1019,1397
2543,5390
2817,5456
3724,5157
5117,6183
2554,6445
538,1276
2381,6114
3765,5343
1988,3805
562,1638
4018,6873
450,552
5549,6090
4703,4731
547,3022
1120,4027
28,6734
2934,4240
4079,6119
6142,6632
4094,7048
6087,6850
999,6867
2559,4396
2661,3912
2078,5406
19,3731
373,4176
4738,5606
2041,7125
2354,3173
1876,2472
5279,6614
3175,4133
5913,6057
441,3482
224,5107
2937,6792
4271,5670
2480,6011
2376,4362
2165,6723
727,1573
3628,6664
1813,4717
366,4760
4087,6753
2941,3679
5454,6960
2722,6016
2808,4863
3023,4237
1001,1483
121,3927
1645,2365
4406,6338
3425,5881
1491,4809
4573,4930
3713,4173
551,2574
2735,4515
3151,4251
2398,4115
1378,5228
3838,4219
820,6464
2977,3895
411,4282
468,3233
1059,3653
561,2146
2243,6064
4979,5473
4694,6135
4035,4711
4407,6263
360,1515
7045,7057
710,5730
2332,4456
3237,6290
1669,5288
1810,4265
27,155
531,2844
1608,3738
1935,2566
4291,7108
1451,3650
2010,2740
690,2778
1551,2201
1579,4739
492,5758
4439,5899
942,5389
2440,2838
4389,6512
137,1294
5183,6649
384,6131
1805,2594
1690,5160
3473,5094
4287,6686
5700,6014
1146,2746
2924,6553
6034,6096
206,4220
668,6239
2880,3500
1516,2460
6747,6995
2899,3861
23,2428
3049,3864
2002,2680
5299,7037
257,4438
2161,5038
4969,5938
248,2437
2187,4562
2732,2928
6653,6885
5481,7047
5489,5674
922,4709
523,949
1115,4728
325,1963
4723,6074
1103,6822
2129,3098
846,4612
1380,3695
123,4775
4601,4929
3789,7105
305,1441
5242,6657
3590,6894
1026,3643
2085,6103
191,2781
4693,5316
2530,4191
3419,5613
603,2097
184,6358
2340,5907
1743,2581
2077,2798
3377,3674
57,1340
863,2744
4014,5820
1614,2321
699,854
2634,3663
4660,6812
507,3743
1524,3547
803,4547
554,1783
4629,6562
170,1138
4165,5047
3492,4949
147,4346
1883,3787
1750,2750
3784,3844
5225,6916
1976,2257
1916,3850
3732,5151
646,4286
5697,6073
4285,5515
2352,6094
1199,5138
1985,3240
1507,6438
2535,6565
839,5170
772,2628
779,4274
2456,4973
1040,6478
100,1598
4432,6500
4819,6206
2195,6630
4527,6303
353,3813
1869,6869
810,3635
3832,4506
430,1119
2026,5731
1541,5057
5132,6440
1344,5296
546,2277
4649,5159
792,5439
4142,4611
1542,5919
4247,4418
3349,5754
4198,7112
3950,4089
5322,6173
4159,4780
1915,3268
1624,3622
848,6204
412,1897
37,1682
3702,4067
1321,5621
2310,2360
3620,4995
2037,4509
3384,4230
1154,4329
1804,3219
2605,3552
2482,6883
898,1085
2553,6045
3867,5480
35,3371
965,6986
732,5161
1816,5580
113,6991
3745,3958
3559,4494
952,1066
2599,3162
1448,6275
499,1008
1601,5142
2681,5476
1234,5478
5925,6325
1166,5729
2323,4465
4692,4702
6808,7027
2110,5189
3280,3457
5969,6310
1654,6627
1431,2857
3303,3728
1501,2761
4298,5044
3097,5375
2551,4590
2370,4579
1129,1259
621,4199
6,2126
4202,5186
75,1407
6293,6845
5056,5875
866,2473
2609,6118
3397,3870
673,1013
2878,3158
754,4435
4625,5641
3042,6955
15,1162
945,1235
2368,4390
3960,4651
2147,5173
1106,5185
3002,7081
1101,2447
1695,4945
94,2810
2481,4756
1808,6322
2738,5991
2343,6600
6054,6768
1701,2467
1622,6531
3261,3406
1277,4182
1433,4365
1957,3773
316,1620
420,3981
845,4010
832,1721
3495,4502
3704,5204
1814,1999
1173,2693
5687,6659
291,3541
3645,5577
1993,2548
6584,6969
4143,5467
2542,5685
4170,4698
3465,4639
130,6468
2369,3797
3801,4816
1613,6329
1253,5926
493,640
1299,5256
194,497
5434,6214
2895,4127
494,3709
1158,5122
3923,5166
3,5550
4208,5369
932,1807
122,1100
1481,2330
2117,3508
76,2625
6972,7071
4140,6380
687,3762
312,396
1039,5338
4746,5110
5859,6306
5945,6236
2169,4038
358,5039
3753,5632
4849,4961
1142,2262
770,4097
3285,6901
987,1530
1984,6756
736,2088
3772,4514
428,452
2362,4921
460,622
1628,2179
2400,4493
153,451
5018,6185
83,885
2982,5153
721,1683
209,1899
4864,6743
2814,6574
2367,4016
2011,3790
112,2392
2087,6716
3076,3621
142,4272
4591,6856
3840,5553
2281,3104
3827,5312
53,1947
2783,3692
2677,4607
3314,6974
510,5564
5429,6260
446,2674
838,3542
1773,4678
233,1232
2932,5145
686,6469
882,1420
1629,2331
3037,5896
2346,7083
2859,3868
285,1831
1558,1758
133,4722
1419,5705
110,6855
245,756
5597,6076
131,4352
4956,5308
2497,3430
630,3471
1837,6038
2999,3141
989,2585
2137,3502
7036,7055
1287,4183
1508,5155
1110,4982
1042,3343
4195,4777
1556,2024
5886,6550
52,3422
3009,4600
135,4641
96,899
127,2736
3937,5331
482,1700
2558,4868
403,4317
1787,3346
804,1461
2615,4380
837,3893
1021,4349
1728,6680
5806,6707
3227,5479
5545,6052
4185,5319
1575,3602
3992,5136
1406,6571
1051,4044
3085,4250
1459,5570
661,6388
4052,5657
5710,6685
2538,3294
2745,6323
3700,6005
705,2816
2691,4008
2248,6505
1164,3714
2869,3075
5193,6613
3831,6896
3647,6115
2209,6745
2061,3997
5775,6931
2485,4267
5937,5947
4310,5571
5392,6857
3498,3757
5799,5968
249,6783
2170,5555
680,2229
219,3819
3881,6882
3706,6446
1514,5689
5773,6364
146,3824
6621,6758
783,1061
6319,6953
1879,4064
3448,3828
1125,2333
701,5639
6777,7012
581,7119
6010,6056
1676,6244
1437,4283
4070,5511
2490,4835
1041,4714
2476,5198
231,4244
2726,5309
2089,2462
2391,5948
1580,2189
4190,5921
1133,4425
190,3788
336,2853
211,2886
5811,6623
893,4454
1678,5612
4073,5957
1855,3218
5614,6831
2975,5659
2029,4474
1777,2828
2049,6001
907,1434
3336,4436
1417,3532
3629,5471
1724,4799
2226,4853
174,874
5229,5903
1943,3986
3337,6567
3591,4224
2168,3546
4838,5707
2847,3512
1650,4215
4540,6420
4137,5010
439,1533
811,5393
4144,6257
161,4544
3007,4270
6912,6925
49,6216
362,5835
3869,7080
3283,4225
3172,5106
1566,2711
2319,3439
4335,6588
1577,5202
2223,4893
650,3603
2466,4768
5385,6353
4181,5080
1945,3150
4695,6889
730,5743
1835,4631
1599,6696
2389,4422
3806,6944
3140,4876
337,1399
2591,2845
4261,6265
2926,5520
4299,5013
490,1694
3052,5451
2032,4556
1386,5952
2685,7087
2357,6530
3004,4051
4665,4673
4128,6797
4101,4989
5365,6759
4337,4370
3826,5472
1657,2238
267,3774
4395,4647
1484,6207
6489,6877
4281,4340
2818,4555
836,1607
1821,4253
239,4080
583,1771
1205,3453
48,5719
3011,4616
4856,7030
1347,3891
5046,6019
957,6591
5446,5672
807,3320
2166,6917
454,6989
555,4933
1135,1655
5264,5794
4421,6278
106,4006
2066,6558
4501,4960
3776,4774
1343,6154
4130,5307
3409,3793
3689,5519
5105,5423
1076,2048
3484,3821
1278,2972
368,7056
918,4232
1297,5557
1861,2204
5061,5578
976,6470
1245,4295
455,6852
4314,5538
4668,5362
2727,5981
584,1590
4179,5652
4060,5573
162,511
1175,1283
1355,2717
2278,2371
1495,6474
1820,1989
1534,2211
995,3596
5465,6559
275,788
2131,2639
2073,3955
12,5237
1909,3972
921,935
4766,5077
841,3564
346,4175
1288,2833
6436,6638
752,2270
1641,3771
322,4779
81,5624
936,3688
3051,5174
5556,5882
116,3413
4507,6230
1846,6755
4331,4460
2250,4796
10,6269
448,6254
2865,6435
55,2697
638,2487
4596,5724
909,6405
5870,6192
1709,1871
1725,4751
1231,7103
6359,7007
1583,5599
326,6393
3970,5349
3297,5834
944,5419
1527,3319
61,2626
2399,6315
1141,1275
374,5411
2996,5795
593,4741
6606,7084
3385,3440
71,4663
5879,6871
1017,1304
4510,5860
3344,5069
5655,6374
6030,6449
2700,5650
5485,6091
530,2439
612,1565
1323,3969
431,1964
3079,5601
2269,7109
4788,6027
568,2910
5191,7014
1102,6864
1111,4334
30,458
2499,2804
1847,2206
21,745
4915,6757
1357,5942
1477,4459
2755,6900
3456,5457
4528,6097
5857,6042
4917,6186
2001,5906
195,1552
587,4640
553,4121
2994,5430
4308,6645
1137,6619
2098,3238
2247,2618
2526,6461
3243,5852
4452,5890
4908,5436
6615,7038
1903,5768
840,1401
2565,6513
1965,3904
253,4480
220,2107
1015,1392
1858,4676
1944,5224
894,4935
2218,4187
1369,2287
1498,5581
177,726
5366,5432
217,304
2883,3936
1529,4254
1007,4712
4345,5793
335,2423
3249,3493
2877,6736
2455,4924
5328,6113
1956,3682
1878,3890
4041,4672
39,4333
5143,7063
1604,6741
3103,6272
4846,6404
1760,1922
500,787
2212,6987
16,1752
6280,6934
3917,5716
2130,6590
3244,4793
6661,6890
2203,2858
1254,2475
2351,3091
5211,6854
2409,3408
3684,6408
4158,5443
665,2590
2153,5233
1192,6688
6219,7015
4150,5928
3225,5518
2320,3391
1658,3657
2434,4680
4235,6816
2417,2511
395,6281
1107,2004
3879,4536
5619,6176
828,4180
3065,6926
171,1568
59,6656
4866,6202
1877,7029
380,5394
294,1891
2967,5665
338,4744
2349,5920
399,5616
13,3418
4602,6262
2687,3574
378,5654
3615,6033
2612,5196
1848,3889
5397,5829
3522,5776
3321,4770
5584,6062
4046,5900
2666,2848
2019,5530
4303,6910
1660,3631
4155,4850
6415,7068
2888,3501
1753,5273
719,2987
1391,4152
3935,5324
4151,6075
2017,6909
1240,4767
3025,7077
3475,5688
1666,6564
5554,6596
3905,6534
2119,6234
3649,5263
2568,5586
2426,6791
216,2060
1219,6806
744,3458
107,341
1836,6138
3180,4721
2613,5045
6151,6780
782,2364
215,6389
1010,5898
2953,5395
2719,5298
5147,7069
914,1972
6031,6431
1087,1236
504,5449
1056,2505
2016,2023
1004,4931
606,1637
4002,5532
2006,2557
577,5757
3006,5182
3842,6422
1317,4153
948,5376
2022,2069
3491,6363
2304,4873
964,5840
2779,4890
1335,4841
2555,5827
167,6337
3089,5353
879,5315
2525,5216
676,4174
529,6942
3161,5715
1714,2840
3661,4848
4962,6979
1160,6298
826,1520
1161,5359
1148,4585
856,5306
4188,5361
2925,3055
5428,6000
928,4417
1435,3756
2493,3862
1862,5283
818,5426
1353,7062
436,4205
5842,5931
2796,6704
5218,5790
2690,5065
3735,6002
5168,6520
1843,6144
372,739
247,2913
2603,5214
277,6165
3605,6403
3545,5075
1365,6397
1147,3884
681,2213
2790,3486
2414,4636
599,3835
2794,5772
491,4468
1692,4683
2285,4524
4061,5144
1190,1723
1675,2111
4808,5949
2507,6194
1086,4815
747,6554
342,4301
2241,5999
1145,3090
3262,3470
56,198
3673,6321
3691,6607
5140,5629
3084,5683
600,7042
1374,4026
3054,4487
1048,6004
1632,1857
1415,5442
427,2306
869,5814
878,1382
124,4691
5490,6968
764,3530
2435,3569
3685,3744
261,4109
3121,5321
4475,5667
2044,4704
2299,5591
4099,6379
2806,5669
1643,6376
6545,7076
208,5786
1859,5810
457,5079
2849,5210
1603,4053
259,6059
4948,6536
753,790
3031,6117
5682,5914
2676,3117
950,6166
4166,5391
36,567
3660,4990
419,3112
1301,6794
4305,6316
1091,2787
2821,4886
3991,5802
3900,5085
2214,4798
3644,6071
615,2834
3295,4141
166,1193
2063,6221
2923,6147
2692,5501
3376,5373
5813,6733
301,1319
683,6698
2916,5253
4193,5521
1000,5563
202,230
2836,3127
1465,2394
1744,5901
278,2233
4894,6872
2348,3775
2595,6191
4307,4800
148,4554
912,4383
5466,6035
4971,5824
2958,6844
4681,5370
4955,4981
2062,5765
1970,2622
2183,4820
480,560
3432,6326
447,2483
5788,6848
2407,2931
1258,6954
607,4825
3585,3727
1850,3428
2202,5416
65,3612
2413,5828
4632,4679
3504,6820
1200,5297
5352,7096
456,1639
1237,1327
5162,5184
2208,6556
1226,2028
1710,1819
1306,6933
2015,4508
3601,3656
3598,5109
5006,6246
997,4023
2949,5686
1550,2799
6088,6858
2082,3915
920,5866
258,5387
1183,1584
4028,5364
390,4643
1768,2825
5778,6501
1036,1497
2545,6399
2995,6334
2607,5091
667,4100
5181,6911
2249,3192
1485,4867
1062,6922
2415,5163
265,5909
3186,6296
1486,5341
5265,6717
4113,5946
3363,6284
4998,6416
3608,4671
498,5396
2573,5059
817,5748
608,827
1611,1840
189,5027
2851,6546
3043,4091
637,669
4654,5849
2959,6209
5877,6344
5460,6482
1664,6386
1271,1852
704,1329
2192,7003
919,4905
1185,5101
3069,4980
2879,4116
1686,4593
2885,5070
917,4589
731,1797
266,3630
3020,6785
414,1941
1032,1517
474,784
3468,4467
2930,5863
520,1532
858,4661
3019,6748
489,6782
2276,4005
1049,3017
2244,5709
572,2632
3417,6678
3379,4040
1987,3033
1538,5226
4071,5200
3454,6199
3699,5533
1811,4880
3177,5041
1201,5868
1223,7043
1966,6169
156,6346
2013,6488
2421,2950
5104,6104
240,4039
4033,4854
2577,6099
6270,6459
4892,6573
1222,1684
1535,1689
4624,6335
5261,6535
4213,5133
2090,2158
4012,6215
735,823
2788,6121
926,4957
3625,4557
2673,6497
144,3063
2552,4001
4563,4899
1126,3672
5090,6650
4083,6715
4387,5325
3369,4958
3119,3166
2668,4296
178,5293
3928,5615
141,2007
1037,6689
3580,4620
2773,3317
466,6292
867,2436
1509,3370
3479,5777
0,82
1463,3983
4895,6695
2382,4543
2081,4312
859,3302
1396,3058
223,549
897,2809
74,4916
5441,6193
616,2162
3016,5208
132,1124
4630,5512
187,1626
5982,5986
1540,2933
5610,5818
5801,7078
406,1651
136,4104
1567,6058
5927,7000
2703,7094
3829,6387
1165,4440
4146,5552
3136,4058
3347,6977
4666,5887
418,539
2014,2450
3034,3300
3987,6775
3841,4618
3859,6060
193,1880
2079,6383
3316,6577
3967,6762
1224,4482
1195,7099
724,6841
3289,4450
5470,6914
2811,5453
1089,4617
5149,5448
881,2186
181,5050
3537,3968
2909,4875
2986,7022
852,1316
2635,6787
1348,6255
1012,4382
1778,6109
3310,6218
2298,2720
946,2500
6533,6952
1932,2314
1123,6555
5440,5741
3975,4518
986,3398
1569,3086
370,2606
2862,6189
3258,6421
3507,3836
3961,4197
2159,6765
413,4122
4092,4209
432,3808
7,1339
4940,5351
62,425
5950,6467
2947,6029
2403,4204
3708,6789
569,582
1179,3342
5212,5388
2034,6947
1247,1621
4110,6418
5164,6491
1910,2454
1104,2273
2567,3796
238,4844
3307,3857
2870,2943
3452,5872
4877,6919
1717,3678
2091,6067
1453,1920
3759,5508
392,6801
748,2372
1591,3308
86,2345
2051,3966
1588,1906
5215,6595
1969,3716
4003,5492
2095,4404
1951,3203
799,2123
806,1980
2033,2181
2791,3676
449,2731
3940,4338
2713,5452
6072,6732
682,1168
3184,5509
527,2254
3899,5245
1704,3855
1034,4598
99,6419
1741,5223
953,4068
1648,6626
2547,3722
4330,5542
2695,6836
3130,5350
2614,5684
2694,4238
321,4791
487,2664
3686,6356
830,2521
3599,3780
2067,5712
4381,5529
2775,4595
236,5071
286,632
2683,6870
386,4036
777,1954
1376,5558
901,1946
3761,6821
404,563
2592,4761
6070,6943
2756,5241
5474,6722
2329,5848
3269,4581
1134,2675
1436,7110
5152,5836
282,1429
971,6180
1425,5924
855,956
5014,6667
280,5565
1176,3606
6793,7001
1428,2805
1646,2419
2792,5853
3013,4072
5034,5327
2904,4469
1046,2903
4325,5236
416,3557
2463,4464
3449,3894
996,5190
24,2458
300,5052
4706,4985
2962,4433
95,763
2701,3563
2296,4260
1844,5526
484,1784
3996,6628
2157,6250
2366,3199
495,6884
1697,3254
955,2065
3148,5983
268,4223
235,4762
2921,5002
900,1394
725,5335
3062,3531
2611,2945
2737,5303
3074,6174
443,2882
2180,3165
1170,2939
345,5888
6921,7065
697,3226
3651,6407
1002,5576
1615,5037
1506,6203
853,5514
1793,6913
579,1928
5458,7051
5871,6542
1594,6633
354,4813
1381,2448
2944,4939
5912,6660
2956,4584
134,5880
902,2124
1911,5379
2582,6525
2300,5412
2245,4160
3758,5469
5289,5967
1732,6237
365,2279
363,4537
628,2983
3624,6007
1981,2263
2217,6332
2420,2715
3182,5445
2729,6701
2819,4583
1595,5832
4860,6647
1370,4149
623,1009
1439,5103
234,4043
6624,6998
1255,2696
1005,4093
5240,6148
2650,4049
408,4910
6126,6804
969,6843
2721,2954
4897,6521
2193,5939
2150,4534
302,2388
2601,6247
3146,5000
6494,7024
746,3897
1649,2471
2759,5259
3109,4203
214,3205
1363,5188
829,5282
423,475
3754,6563
2264,5450
506,3930
1071,6522
1727,5012
3185,4211
1096,4371
657,2900
1500,3566
3153,4753
1031,5206
5035,6946
2397,3356
1900,3228
320,4842
5318,6665
2139,3721
1809,2358
309,4950
1818,3556
850,3270
1069,5496
2141,5195
4366,4994
5217,6676
5068,6368
1475,4192
334,6317
652,1707
2086,6458
4201,4420
737,812
283,5725
1867,3350
2000,3701
802,4564
1593,4136
4398,4458
4885,5180
3929,6123
892,3726
2334,5541
3476,6997
2709,6682
660,3947
890,5934
1371,4017
4538,4937
4828,6294
519,3551
315,2602
2653,6065
6484,6876
5980,6188
3957,4708
805,5930
101,5398
2068,3036
4765,5535
532,3110
364,4652
4004,4513
1083,4511
4426,7052
2025,3348
1907,6504
5738,6581
4268,7072
1172,5587
1292,1388
4710,6429
2484,6803
4576,6654
44,4178
3078,4428
1833,6242
4575,6832
4490,6385
1631,4951
2128,6962
2919,3279
6015,6980
3234,4114
3611,3707
3438,6724
647,6340
3212,6360
943,1020
5761,6996
352,6485
4015,5337
1739,6252
2234,3313
1553,5049
1627,3122
43,4212
1238,5759
1894,4484
2210,6605
5040,5197
3742,6903
758,4716
1191,3096
4826,6084
3526,4392
2172,3293
205,2441
207,6893
2289,6928
3668,4328
1901,4393
2275,2451
2763,4735
4309,5092
3207,5747
1747,4824
4217,5100
2031,5804
1755,6457
6515,7054
1691,2815
72,6050
888,1679
2429,6957
2519,3582
3586,3733
769,6612
1003,6313
4869,6622
2020,2515
5628,6941
149,4597
306,5239
3467,4246
2563,6819
2297,6860
4742,6602
2446,3815
2408,4284
601,3421
5051,5487
85,417
934,6752
1043,4689
2667,5897
5892,6898
3549,6167
1342,3101
5272,6412
809,2884
3239,6365
5086,6223
1079,2341
3230,4662
2027,7032
1114,6477
959,5797
1140,4339
1359,6895
847,3811
1712,1918
526,2134
296,5329
937,4778
4293,5831
3846,5993
775,2114
1269,7090
880,5280
595,1296
2055,3451
624,6200
3202,3908
1333,4348
292,1792
2222,4289
1132,3041
2867,5076
5874,7013
1762,1983
3394,4718
1314,1444
3382,5330
58,3178
114,3126
1560,6381
1563,4200
4861,6648
1408,3497
1667,3990
1737,3386
4732,5268
2993,7122
1284,6597
3155,6450
2682,3420
3372,3729
891,7020
4057,4655
2638,4022
2486,6271
3792,4376
3740,5651
2149,5158
3962,5098
2748,5444
2645,6069
3324,4747
3163,6231
1454,2121
241,2633
6706,6730
1097,2246
940,1310
2242,5630
4172,6583
1979,5340
3083,5201
3189,6406
1156,5974
2315,3193
559,4448
1099,1494
2688,4963
4210,5209
3057,3365
125,5642
1400,6205
535,2978
5374,6224
5850,6697
212,6807
3375,6318
1305,6569
5739,6853
1393,6222
463,4952
1476,3469
324,3433
2665,3050
3576,6651
77,3272
578,5234
459,4656
4344,5025
3396,3875
1625,3444
111,4497
4323,5902
1033,6681
3634,5023
591,5404
3296,7117
509,1390
6132,6566
2326,3248
103,6618
1986,7120
3143,5468
862,2728
2629,6672
3015,6611
2494,6993
5111,6851
1384,3082
6124,7044
4013,5702
2236,3874
2375,2422
3168,7088
1416,6498
635,3623
5060,6932
4419,6958
2989,4363
4207,4925
597,3922
4120,6740
340,6022
1427,3882
1549,4090
3018,5590
1756,4123
3404,4164
2030,5420
2902,5502
332,5812
3357,6988
1447,3540
3123,6453
2669,4707
631,3942
229,5690
2663,4423
5648,6838
2651,5965
4481,5213
700,4552
4085,4262
6441,6560
3414,4086
6594,6599
3174,6339
743,6699
2942,2998
4972,5413
3696,6300
6286,6347
2478,6798
479,6295
1745,3395
4764,5727
33,1990
1410,3782
1763,6331
5400,6055
1151,6023
250,6683
2378,6003
3984,6245
3232,5028
80,2890
1322,5726
3167,3322
1298,6396
2970,7104
2596,3190
2386,6377
6827,7114
4485,6451
1411,5783
851,1210
3880,4771
1738,6362
980,5367
3035,3710
3860,7067
2533,5130
169,4024
501,3437
861,4757
1249,2316
264,5904
186,5072
5540,6788
927,5838
1713,5417
2312,5113
6211,7106
641,5207
140,3770
5281,6609
2303,7021
5582,6463
3845,6040
2532,5787
4227,6727
939,1186
3561,6575
4727,4790
128,1354
163,3694
34,2803
405,3340
1143,1328
2837,3424
2361,5598
4685,4900
2200,5858
175,4904
557,6051
3194,5721
2705,5192
2052,4228
2053,4818
868,1872
968,4414
1242,3255
3483,6371
3231,3305
4477,5165
5661,6985
255,5498
1827,2516
1430,3490
3665,5854
1196,5262
3959,4623
1772,4578
541,4446
1547,2940
5205,6395
886,6918
629,4466
896,3575
692,5626
1936,4279
91,3781
749,5911
5274,6965
2205,6409
2395,3931
2198,3646
2517,5815
533,2035
1703,3892
243,4934
1270,1874
1546,6629
598,3412
2142,5124
2704,3777
614,5548
1997,6089
444,4927
2784,4112
1332,5992
2125,5505
1274,6892
1273,1449
4782,5546
3800,5733
1244,1368
3108,5300
20,2156
1803,6009
1457,4304
290,3211
1341,3362
4103,4909
1921,4674
1221,5178
1959,6984
3671,5809
356,3847
5120,5271
4408,6539
5435,6802
3332,5377
1469,4315
1702,2442
2656,6048
5302,7074
5156,7009
393,7004
6341,6959
1967,6442
6053,6116
1239,3061
4462,4752
1117,5698
1184,4316
2008,2385
1167,6370
5595,6428
2513,6178
3028,6868
3548,4516
571,6373
2282,6937
2151,3390
1346,3374
1468,1889
2120,3176
2689,4233
1795,5994
2764,6541
3107,6658
4455,6127
1633,4823
242,4797
1053,2938
1699,2769
3558,6432
314,2342
1994,5966
