5279,6614
3175,4133
5913,6057
441,3482
224,5107
2937,6792
4271,5670
2480,6011
2376,4362
2165,6723
727,1573
3628,6664
1813,4717
366,4760
4087,6753
2941,3679
5454,6960
2722,6016
2808,4863
3023,4237
1001,1483
121,3927
1645,2365
4406,6338
3425,5881
1491,4809
4573,4930
3713,4173
551,2574
2735,4515
3151,4251
2398,4115
1378,5228
3838,4219
820,6464
2977,3895
411,4282
468,3233
1059,3653
561,2146
2243,6064
4979,5473
4694,6135
4035,4711
4407,6263
360,1515
7045,7057
710,5730
2332,4456
3237,6290
1669,5288
1810,4265
27,155
531,2844
1608,3738
1935,2566
4291,7108
1451,3650
2010,2740
690,2778
1551,2201
1579,4739
492,5758
4439,5899
942,5389
2440,2838
4389,6512
137,1294
5183,6649
384,6131
1805,2594
1690,5160
3473,5094
4287,6686
5700,6014
1146,2746
2924,6553
6034,6096
206,4220
668,6239
2880,3500
1516,2460
6747,6995
2899,3861
23,2428
3049,3864
2002,2680
5299,7037
257,4438
2161,5038
4969,5938
248,2437
2187,4562
2732,2928
6653,6885
5481,7047
5489,5674
922,4709
523,949
1115,4728
325,1963
4723,6074
1103,6822
2129,3098
846,4612
1380,3695
123,4775
4601,4929
3789,7105
305,1441
5242,6657
3590,6894
1026,3643
2085,6103
191,2781
4693,5316
2530,4191
3419,5613
603,2097
184,6358
2340,5907
1743,2581
2077,2798
3377,3674
57,1340
863,2744
4014,5820
1614,2321
699,854
2634,3663
4660,6812
507,3743
1524,3547
803,4547
554,1783
4629,6562
170,1138
4165,5047
3492,4949
147,4346
1883,3787
1750,2750
3784,3844
5225,6916
1976,2257
1916,3850
3732,5151
646,4286
5697,6073
4285,5515
2352,6094
1199,5138
1985,3240
1507,6438
2535,6565
839,5170
772,2628
779,4274
2456,4973
1040,6478
100,1598
4432,6500
4819,6206
2195,6630
4527,6303
353,3813
1869,6869
810,3635
3832,4506
430,1119
2026,5731
1541,5057
5132,6440
1344,5296
546,2277
4649,5159
792,5439
4142,4611
1542,5919
4247,4418
3349,5754
4198,7112
3950,4089
5322,6173
4159,4780
1915,3268
1624,3622
848,6204
412,1897
37,1682
3702,4067
1321,5621
2310,2360
3620,4995
2037,4509
3384,4230
1154,4329
1804,3219
2605,3552
2482,6883
898,1085
2553,6045
3867,5480
35,3371
965,6986
732,5161
1816,5580
113,6991
3745,3958
3559,4494
952,1066
2599,3162
1448,6275
499,1008
1601,5142
2681,5476
1234,5478
5925,6325
1166,5729
2323,4465
4692,4702
6808,7027
2110,5189
3280,3457
5969,6310
1654,6627
1431,2857
3303,3728
1501,2761
4298,5044
3097,5375
2551,4590
2370,4579
1129,1259
621,4199
6,2126
4202,5186
75,1407
6293,6845
5056,5875
866,2473
2609,6118
3397,3870
673,1013
2878,3158
754,4435
4625,5641
3042,6955
15,1162
945,1235
2368,4390
3960,4651
2147,5173
1106,5185
3002,7081
1101,2447
1695,4945
94,2810
2481,4756
1808,6322
2738,5991
2343,6600
6054,6768
1701,2467
1622,6531
3261,3406
1277,4182
1433,4365
1957,3773
316,1620
420,3981
845,4010
832,1721
3495,4502
3704,5204
1814,1999
1173,2693
5687,6659
291,3541
3645,5577
1993,2548
6584,6969
4143,5467
2542,5685
4170,4698
3465,4639
130,6468
2369,3797
3801,4816
1613,6329
1253,5926
493,640
1299,5256
194,497
5434,6214
2895,4127
494,3709
1158,5122
3923,5166
3,5550
4208,5369
932,1807
122,1100
1481,2330
2117,3508
76,2625
6972,7071
4140,6380
687,3762
312,396
1039,5338
4746,5110
5859,6306
5945,6236
2169,4038
358,5039
3753,5632
4849,4961
1142,2262
770,4097
3285,6901
987,1530
1984,6756
736,2088
3772,4514
428,452
2362,4921
460,622
1628,2179
2400,4493
153,451
5018,6185
83,885
2982,5153
721,1683
209,1899
4864,6743
2814,6574
2367,4016
2011,3790
112,2392
2087,6716
3076,3621
142,4272
4591,6856
3840,5553
2281,3104
3827,5312
53,1947
2783,3692
2677,4607
3314,6974
510,5564
5429,6260
446,2674
838,3542
1773,4678
233,1232
2932,5145
