1789,5305
180,5179
2197,4871
3124,5704
1617,4519
2527,4029
3902,6471
5255,6829
4974,6248
4898,7101
6136,6981
636,5796
1402,2106
1352,7040
713,3524
4884,6710
3429,4196
3910,4565
3749,5666
1776,2822
1472,3209
672,2528
2894,3070
5410,6847
5781,7070
766,1174
1207,2495
6196,6796
2288,6160
5043,5495
659,2252
1748,4568
2550,3769
5354,5941
3210,5148
3067,3589
165,6026
204,3795
1774,2872
2652,5662
5024,5424
642,5292
3198,3638
4054,5269
4496,7075
1536,2064
1320,2960
5979,6299
4533,5415
925,1189
3325,4725
2219,2406
2387,3568
6742,7066
1105,6413
218,1955
4457,6790
2003,2290
1978,5017
2623,5675
1635,2239
2887,3794
1640,4736
570,1812
1293,4375
339,4131
2005,2359
138,5248
3278,3725
3926,5486
4987,6133
2096,2215
1334,5407
311,1265
330,3275
1268,4377
377,3047
2216,2864
1896,6663
4256,6702
5333,6190
3837,7116
2339,4278
4755,5803
2184,6107
609,2922
2504,2963
5007,6210
1528,3715
3723,4530
1438,1673
3886,7046
4032,4874
872,2452
1647,4737
3499,4914
160,6750
105,781
994,5266
3360,6343
5513,6129
1082,2175
1312,3818
738,5976
3965,6172
2712,4852
3138,4561
1163,3913
1996,2410
4713,6982
759,4324
2508,4888
3187,3436
1367,1715
3361,5516
3264,4356
1052,3938
397,966
150,2564
4572,6526
385,4634
3739,4098
2536,2604
2812,6213
929,1404
4943,5633
3005,4218
319,502
1659,3403
2524,5972
4105,5497
1482,2871
1775,2009
4743,4833
675,2251
6815,7053
728,3995
1442,5015
1733,4919
1464,1950
4076,4811
1308,5029
1726,5414
573,941
1942,2540
1229,6320
2444,3474
276,5126
1719,4817
2228,4444
2155,6763
281,1609
1063,2920
3087,5825
4887,6352
1917,5808
1116,1169
875,1214
1948,5464
5022,5382
1766,3925
3633,6631
4992,5270
620,3856
1208,6774
2489,3298
6823,6990
2431,6243
4177,5915
4902,5566
1070,6675
201,3595
4245,7107
176,6700
2997,4135
1826,3799
545,972
1503,1904
1576,2641
32,2586
1074,1303
4855,6111
626,4967
2284,5433
4351,6835
1108,1144
6150,6568
3636,6020
2556,2952
4872,4977
1470,5960
440,1564
41,5589
933,1971
2177,3401
1252,2327
422,3338
1839,6744
988,6145
401,663
1890,2523
73,6305
6635,6646
1663,4189
1356,4445
2529,2832
733,3988
5326,5791
1290,1995
3581,5588
3748,6102
4388,6424
1198,6509
2733,3435
4726,4947
4843,5855
2076,3128
3259,3747
3921,5894
1011,6935
1462,1882
1977,5817
2042,5421
5523,6314
2957,3032
3520,4628
793,6770
2093,2506
639,1084
1336,2080
109,1492
5304,6897
961,2671
129,1473
4699,5313
4242,5833
4292,4938
434,4748
2974,6634
910,2101
343,6592
596,2793
3509,4434
3760,6964
4913,5766
2575,5782
485,1781
4932,6543
689,3741
594,2588
5032,6643
2021,4621
6225,6268
3368,3687
666,1233
6041,6101
192,3888
4569,6549
5676,6880
222,1044
798,825
1914,6975
4341,6475
3472,6184
3399,3871
1706,5995
2662,3521
2654,3839
5723,5956
437,4983
512,1227
6861,7060
1187,6544
3533,5276
1081,1395
6061,6170
2580,2990
1671,3485
2758,5841
1045,3820
4614,6273
4126,4374
2036,6737
4025,5862
6077,6481
26,5033
1262,5345
157,1414
1940,4839
367,5973
3681,3978
3290,3763
815,2643
991,1924
1467,3618
2402,3462
1523,5172
1600,6168
6152,6778
237,1938
197,6582
4368,5594
465,654
54,409
3577,6465
3982,4124
200,359
3373,4042
4347,5128
4669,6642
299,6693
671,1295
656,5600
3555,3786
1968,6799
5301,5402
831,1422
3026,4409
1961,5987
93,2074
6078,6666
14,4486
3489,6354
824,4216
1982,3129
1825,3843
1674,6367
3830,5823
3906,6863
877,3730
3181,7093
4280,5798
228,4918
4320,5656
5649,6810
6357,6930
2295,5691
2831,6392
5146,5971
1345,3008
5569,6731
120,6258
6081,6776
2951,4642
2424,2474
4644,5839
3315,6455
3160,4529
410,2503
2143,4700
182,4920
1974,3550
542,5837
5631,5763
1358,1842
864,1149
4479,5567
4056,5792
984,1870
5789,6086
963,1688
1157,3544
974,2852
1769,3169
1,4319
11,2054
1019,1397
2543,5390
2817,5456
3724,5157
5117,6183
2554,6445
538,1276
2381,6114
3765,5343
1988,3805
562,1638
4018,6873
450,552
5549,6090
4703,4731
547,3022
1120,4027
28,6734
2934,4240
4079,6119
6142,6632
4094,7048
6087,6850
999,6867
2559,4396
2661,3912
2078,5406
19,3731
373,4176
4738,5606
2041,7125
2354,3173
1876,2472
