2691,4008
2248,6505
1164,3714
2869,3075
5193,6613
3831,6896
3647,6115
2209,6745
2061,3997
5775,6931
2485,4267
5937,5947
4310,5571
5392,6857
3498,3757
5799,5968
249,6783
2170,5555
680,2229
219,3819
3881,6882
3706,6446
1514,5689
5773,6364
146,3824
6621,6758
783,1061
6319,6953
1879,4064
3448,3828
1125,2333
701,5639
6777,7012
581,7119
6010,6056
1676,6244
1437,4283
4070,5511
2490,4835
1041,4714
2476,5198
231,4244
2726,5309
2089,2462
2391,5948
1580,2189
4190,5921
1133,4425
190,3788
336,2853
211,2886
5811,6623
893,4454
1678,5612
4073,5957
1855,3218
5614,6831
2975,5659
2029,4474
1777,2828
2049,6001
907,1434
3336,4436
1417,3532
3629,5471
1724,4799
2226,4853
174,874
5229,5903
1943,3986
3337,6567
3591,4224
2168,3546
4838,5707
2847,3512
1650,4215
4540,6420
4137,5010
439,1533
811,5393
4144,6257
161,4544
3007,4270
6912,6925
49,6216
362,5835
3869,7080
3283,4225
3172,5106
1566,2711
2319,3439
4335,6588
1577,5202
2223,4893
650,3603
2466,4768
5385,6353
4181,5080
1945,3150
4695,6889
730,5743
1835,4631
1599,6696
2389,4422
3806,6944
3140,4876
337,1399
2591,2845
4261,6265
2926,5520
4299,5013
490,1694
3052,5451
2032,4556
1386,5952
2685,7087
2357,6530
3004,4051
4665,4673
4128,6797
4101,4989
5365,6759
4337,4370
3826,5472
1657,2238
267,3774
4395,4647
1484,6207
6489,6877
4281,4340
2818,4555
836,1607
1821,4253
239,4080
583,1771
1205,3453
48,5719
3011,4616
4856,7030
1347,3891
5046,6019
957,6591
5446,5672
807,3320
2166,6917
454,6989
555,4933
1135,1655
5264,5794
4421,6278
106,4006
2066,6558
4501,4960
3776,4774
1343,6154
4130,5307
3409,3793
3689,5519
5105,5423
1076,2048
3484,3821
1278,2972
368,7056
918,4232
1297,5557
1861,2204
5061,5578
976,6470
1245,4295
455,6852
4314,5538
4668,5362
2727,5981
584,1590
4179,5652
4060,5573
162,511
1175,1283
1355,2717
2278,2371
1495,6474
1820,1989
1534,2211
995,3596
5465,6559
275,788
2131,2639
2073,3955
12,5237
1909,3972
921,935
4766,5077
841,3564
346,4175
1288,2833
6436,6638
752,2270
1641,3771
322,4779
81,5624
936,3688
3051,5174
5556,5882
116,3413
4507,6230
1846,6755
4331,4460
2250,4796
10,6269
448,6254
2865,6435
55,2697
638,2487
4596,5724
909,6405
5870,6192
1709,1871
1725,4751
1231,7103
6359,7007
1583,5599
326,6393
3970,5349
3297,5834
944,5419
1527,3319
61,2626
2399,6315
1141,1275
374,5411
2996,5795
593,4741
6606,7084
3385,3440
71,4663
5879,6871
1017,1304
4510,5860
3344,5069
5655,6374
6030,6449
2700,5650
5485,6091
530,2439
612,1565
1323,3969
431,1964
3079,5601
2269,7109
4788,6027
568,2910
5191,7014
1102,6864
1111,4334
30,458
2499,2804
1847,2206
21,745
4915,6757
1357,5942
1477,4459
2755,6900
3456,5457
4528,6097
5857,6042
4917,6186
2001,5906
195,1552
587,4640
553,4121
2994,5430
4308,6645
1137,6619
