2098,3238
2247,2618
2526,6461
3243,5852
4452,5890
4908,5436
6615,7038
1903,5768
840,1401
2565,6513
1965,3904
253,4480
220,2107
1015,1392
1858,4676
1944,5224
894,4935
2218,4187
1369,2287
1498,5581
177,726
5366,5432
217,304
2883,3936
1529,4254
1007,4712
4345,5793
335,2423
3249,3493
2877,6736
2455,4924
5328,6113
1956,3682
1878,3890
4041,4672
39,4333
5143,7063
1604,6741
3103,6272
4846,6404
1760,1922
500,787
2212,6987
16,1752
6280,6934
3917,5716
2130,6590
3244,4793
6661,6890
2203,2858
1254,2475
2351,3091
5211,6854
2409,3408
3684,6408
4158,5443
665,2590
2153,5233
1192,6688
6219,7015
4150,5928
3225,5518
2320,3391
1658,3657
2434,4680
4235,6816
2417,2511
395,6281
1107,2004
3879,4536
5619,6176
828,4180
3065,6926
171,1568
59,6656
4866,6202
1877,7029
380,5394
294,1891
2967,5665
338,4744
2349,5920
399,5616
13,3418
4602,6262
2687,3574
378,5654
3615,6033
2612,5196
1848,3889
5397,5829
3522,5776
3321,4770
5584,6062
4046,5900
2666,2848
2019,5530
4303,6910
1660,3631
4155,4850
6415,7068
2888,3501
1753,5273
719,2987
1391,4152
3935,5324
4151,6075
2017,6909
1240,4767
3025,7077
3475,5688
1666,6564
5554,6596
3905,6534
2119,6234
3649,5263
2568,5586
2426,6791
216,2060
1219,6806
744,3458
107,341
1836,6138
3180,4721
2613,5045
6151,6780
782,2364
215,6389
1010,5898
2953,5395
2719,5298
5147,7069
914,1972
6031,6431
1087,1236
504,5449
1056,2505
2016,2023
1004,4931
606,1637
4002,5532
2006,2557
577,5757
3006,5182
3842,6422
1317,4153
948,5376
2022,2069
3491,6363
2304,4873
964,5840
2779,4890
1335,4841
2555,5827
167,6337
3089,5353
879,5315
2525,5216
676,4174
529,6942
3161,5715
1714,2840
3661,4848
4962,6979
1160,6298
826,1520
1161,5359
1148,4585
856,5306
4188,5361
2925,3055
5428,6000
928,4417
1435,3756
2493,3862
1862,5283
818,5426
1353,7062
436,4205
5842,5931
2796,6704
5218,5790
2690,5065
3735,6002
5168,6520
1843,6144
372,739
247,2913
2603,5214
277,6165
3605,6403
3545,5075
1365,6397
1147,3884
681,2213
2790,3486
2414,4636
599,3835
2794,5772
491,4468
1692,4683
2285,4524
4061,5144
1190,1723
1675,2111
4808,5949
2507,6194
1086,4815
747,6554
342,4301
2241,5999
1145,3090
3262,3470
56,198
3673,6321
3691,6607
5140,5629
3084,5683
600,7042
1374,4026
3054,4487
1048,6004
1632,1857
1415,5442
427,2306
869,5814
878,1382
124,4691
5490,6968
764,3530
2435,3569
3685,3744
261,4109
3121,5321
4475,5667
2044,4704
2299,5591
4099,6379
2806,5669
1643,6376
6545,7076
208,5786
1859,5810
457,5079
2849,5210
1603,4053
259,6059
4948,6536
753,790
3031,6117
5682,5914
2676,3117
950,6166
4166,5391
36,567
3660,4990
419,3112
1301,6794
4305,6316
1091,2787
2821,4886
3991,5802
3900,5085
2214,4798
3644,6071
615,2834
3295,4141
166,1193
2063,6221
2923,6147
2692,5501
3376,5373
5813,6733
301,1319
683,6698
2916,5253
4193,5521
1000,5563
202,230
