1046,2903
4325,5236
416,3557
2463,4464
3449,3894
996,5190
24,2458
300,5052
4706,4985
2962,4433
95,763
2701,3563
2296,4260
1844,5526
484,1784
3996,6628
2157,6250
2366,3199
495,6884
1697,3254
955,2065
3148,5983
268,4223
235,4762
2921,5002
900,1394
725,5335
3062,3531
2611,2945
2737,5303
3074,6174
443,2882
2180,3165
1170,2939
345,5888
6921,7065
697,3226
3651,6407
1002,5576
1615,5037
1506,6203
853,5514
1793,6913
579,1928
5458,7051
5871,6542
1594,6633
354,4813
1381,2448
2944,4939
5912,6660
2956,4584
134,5880
902,2124
1911,5379
2582,6525
2300,5412
2245,4160
3758,5469
5289,5967
1732,6237
365,2279
363,4537
628,2983
3624,6007
1981,2263
2217,6332
2420,2715
3182,5445
2729,6701
2819,4583
1595,5832
4860,6647
1370,4149
623,1009
1439,5103
234,4043
6624,6998
1255,2696
1005,4093
5240,6148
2650,4049
408,4910
6126,6804
969,6843
2721,2954
4897,6521
2193,5939
2150,4534
302,2388
2601,6247
3146,5000
6494,7024
746,3897
1649,2471
2759,5259
3109,4203
214,3205
1363,5188
829,5282
423,475
3754,6563
2264,5450
506,3930
1071,6522
1727,5012
3185,4211
1096,4371
