657,2900
1500,3566
3153,4753
1031,5206
5035,6946
2397,3356
1900,3228
320,4842
5318,6665
2139,3721
1809,2358
309,4950
1818,3556
850,3270
1069,5496
2141,5195
4366,4994
5217,6676
5068,6368
1475,4192
334,6317
652,1707
2086,6458
4201,4420
737,812
283,5725
1867,3350
2000,3701
802,4564
1593,4136
4398,4458
4885,5180
3929,6123
892,3726
2334,5541
3476,6997
2709,6682
660,3947
890,5934
1371,4017
4538,4937
4828,6294
519,3551
315,2602
2653,6065
6484,6876
5980,6188
3957,4708
805,5930
101,5398
2068,3036
4765,5535
532,3110
364,4652
4004,4513
1083,4511
4426,7052
2025,3348
1907,6504
5738,6581
4268,7072
1172,5587
1292,1388
4710,6429
2484,6803
4576,6654
44,4178
3078,4428
1833,6242
4575,6832
4490,6385
1631,4951
2128,6962
2919,3279
6015,6980
3234,4114
3611,3707
3438,6724
647,6340
3212,6360
943,1020
5761,6996
352,6485
4015,5337
1739,6252
2234,3313
1553,5049
1627,3122
43,4212
1238,5759
1894,4484
2210,6605
5040,5197
3742,6903
758,4716
1191,3096
4826,6084
3526,4392
2172,3293
205,2441
207,6893
2289,6928
3668,4328
1901,4393
2275,2451
2763,4735
4309,5092
