1408,3497
1667,3990
1737,3386
4732,5268
2993,7122
1284,6597
3155,6450
2682,3420
3372,3729
891,7020
4057,4655
2638,4022
2486,6271
3792,4376
3740,5651
2149,5158
3962,5098
2748,5444
2645,6069
3324,4747
3163,6231
1454,2121
241,2633
6706,6730
1097,2246
940,1310
2242,5630
4172,6583
1979,5340
3083,5201
3189,6406
1156,5974
2315,3193
559,4448
1099,1494
2688,4963
4210,5209
3057,3365
125,5642
1400,6205
535,2978
5374,6224
5850,6697
212,6807
3375,6318
1305,6569
5739,6853
1393,6222
463,4952
1476,3469
324,3433
2665,3050
3576,6651
77,3272
578,5234
459,4656
4344,5025
3396,3875
1625,3444
111,4497
4323,5902
1033,6681
3634,5023
591,5404
3296,7117
509,1390
6132,6566
2326,3248
103,6618
1986,7120
3143,5468
