3207,5747
1747,4824
4217,5100
2031,5804
1755,6457
6515,7054
1691,2815
72,6050
888,1679
2429,6957
2519,3582
3586,3733
769,6612
1003,6313
4869,6622
2020,2515
5628,6941
149,4597
306,5239
3467,4246
2563,6819
2297,6860
4742,6602
2446,3815
2408,4284
601,3421
5051,5487
85,417
934,6752
1043,4689
2667,5897
5892,6898
3549,6167
1342,3101
5272,6412
809,2884
3239,6365
5086,6223
1079,2341
3230,4662
2027,7032
1114,6477
959,5797
1140,4339
1359,6895
847,3811
1712,1918
526,2134
296,5329
937,4778
4293,5831
3846,5993
775,2114
1269,7090
880,5280
595,1296
2055,3451
624,6200
3202,3908
1333,4348
292,1792
2222,4289
1132,3041
2867,5076
5874,7013
1762,1983
3394,4718
1314,1444
3382,5330
58,3178
114,3126
1560,6381
1563,4200
4861,6648
